image: /home/hy/Robot_ws/src/RobotCar/map/nav.pgm
resolution: 0.030000
origin: [-50.000000, -50.000000, 0.000000]
negate: 0
occupied_thresh: 0.65
free_thresh: 0.196

